1 2546 0 4288 0 2534 0 316 0 339 0 4514 0
2 53 0 3941 0 1915 0 2200 0 225 0 4575 0
3 2537 0 836 0 2199 0 4505 0 686 0 2914 0
4 3389 0 4464 0 2528 0 2849 0 357 0 888 0
5 612 0 2912 0 2377 0 1719 0 4067 0 4099 0
6 3941 0 4505 0 4514 0 686 0 53 0 357 0
7 2537 0 225 0 1719 0 2546 0 3389 0 4575 0
8 339 0 836 0 4464 0 1915 0 2199 0 612 0
9 2914 0 2528 0 2849 0 2912 0 4067 0 2534 0
10 2377 0 888 0 4099 0 4288 0 2200 0 316 0
11 2914 0 53 0 1719 0 339 0 357 0 612 0
12 4067 0 4288 0 2849 0 4505 0 836 0 225 0
13 316 0 2377 0 2534 0 3941 0 3389 0 2199 0
14 4099 0 2200 0 1915 0 2528 0 2537 0 4514 0
15 4575 0 686 0 2912 0 888 0 2546 0 4464 0
16 836 0 2534 0 2528 0 225 0 53 0 4099 0
17 339 0 2914 0 4288 0 2200 0 3389 0 686 0
18 4464 0 357 0 4067 0 2537 0 4575 0 316 0
19 2199 0 888 0 4514 0 2912 0 1719 0 3941 0
20 1915 0 2377 0 2546 0 2849 0 612 0 4505 0
21 2199 0 686 0 4288 0 4575 0 2528 0 4099 0
22 1719 0 2534 0 3389 0 1915 0 4464 0 4505 0
23 2537 0 2849 0 2912 0 2377 0 53 0 339 0
24 3941 0 2200 0 357 0 2546 0 4067 0 836 0
25 316 0 225 0 888 0 4514 0 2914 0 612 0
26 3389 0 53 0 4067 0 2199 0 4099 0 2546 0
27 686 0 612 0 1719 0 2849 0 2200 0 2534 0
28 4575 0 4464 0 4514 0 836 0 2377 0 2914 0
29 357 0 2912 0 316 0 1915 0 225 0 4288 0
30 339 0 2537 0 4505 0 888 0 2528 0 3941 0

