1 12 0 4 0 1 0 9 0 3 0 8 0
2 2 0 16 0 6 0 20 0 15 0 19 0
3 18 0 14 0 13 0 7 0 11 0 10 0
4 17 0 6 0 12 0 5 0 20 0 1 0
5 13 0 10 0 9 0 11 0 3 0 19 0
6 8 0 14 0 7 0 2 0 17 0 18 0
7 16 0 15 0 10 0 5 0 4 0 3 0
8 19 0 8 0 2 0 13 0 11 0 12 0
9 14 0 20 0 17 0 9 0 4 0 16 0
10 5 0 15 0 6 0 7 0 18 0 1 0
11 17 0 4 0 11 0 2 0 12 0 14 0
12 15 0 8 0 1 0 16 0 13 0 20 0
13 10 0 18 0 19 0 7 0 9 0 6 0
14 5 0 14 0 11 0 3 0 1 0 2 0
15 18 0 20 0 9 0 13 0 4 0 6 0
16 5 0 7 0 16 0 8 0 12 0 10 0
17 15 0 3 0 18 0 19 0 17 0 13 0
18 7 0 2 0 4 0 16 0 1 0 11 0
19 17 0 10 0 3 0 6 0 20 0 8 0
20 5 0 12 0 19 0 15 0 9 0 14 0

