1 4099 0 225 0 836 0 837 0 3941 0 2199 0
2 4067 0 2200 0 422 0 2528 0 888 0 339 0
3 2534 0 1719 0 4288 0 2866 0 2849 0 2377 0
4 686 0 2537 0 357 0 53 0 449 0 1915 0
5 316 0 837 0 2534 0 2914 0 422 0 2199 0
6 2849 0 1915 0 225 0 4067 0 53 0 2528 0
7 888 0 836 0 316 0 1719 0 357 0 2200 0
8 339 0 2914 0 2537 0 4099 0 2377 0 4288 0
9 2866 0 449 0 4067 0 686 0 3941 0 2534 0
10 888 0 357 0 2914 0 2199 0 2537 0 225 0
11 53 0 3941 0 4099 0 1719 0 316 0 2377 0
12 4288 0 2200 0 2528 0 449 0 686 0 837 0
13 422 0 2849 0 339 0 1915 0 2866 0 836 0
14 2528 0 357 0 4099 0 225 0 2200 0 2534 0
15 888 0 2849 0 2199 0 316 0 449 0 339 0
16 2914 0 837 0 1915 0 1719 0 3941 0 2866 0
17 686 0 4067 0 2377 0 422 0 4288 0 836 0
18 53 0 2866 0 2534 0 2537 0 2200 0 888 0
19 4099 0 1719 0 2199 0 1915 0 4067 0 4288 0
20 2849 0 2537 0 3941 0 422 0 837 0 357 0
21 53 0 836 0 2377 0 2914 0 449 0 2528 0
22 686 0 339 0 4288 0 316 0 225 0 3941 0
